
 thread_count = 3
 TOL =    1.000000000000000e-06
   I =    4.147422282281219e-01
 err =    5.882110071242508e-08

